21100     21225     2         -1        -1        2         2         -1        -1        -1        -1        40        60        -1        -1        -30       720       0         
21525     22000     2         -1        -1        2         2         -1        -1        -1        -1        40        60        -1        -1        -30       720       0         
21100     21250     2         -1        -1        2         2         -1        -1        -1        -1        90        110       -1        -1        -20       720       0         
21525     22000     2         -1        -1        2         2         -1        -1        -1        -1        90        110       -1        -1        -20       720       0         
21100     21250     2         -1        -1        2         2         -1        -1        -1        -1        40        110       -1        -1        -20       720       0         
21525     22000     2         -1        -1        2         2         -1        -1        -1        -1        40        110       -1        -1        -20       720       0         
-1        -1        1         -1        -1        1         1         -1        -1        -1        -1        -1        -1        -1        -1        0         700       0         
-1        -1        1         -1        150       2         2         -1        -1        -1        -1        -1        -1        -1        -1        0         680       0         
-1        -1        1         150       450       2         2         -1        -1        -1        -1        -1        -1        -1        -1        -30       670       0         
-1        -1        1         -1        250       3         3         -1        -1        -1        -1        -1        -1        -1        -1        -30       670       0         
-1        -1        1         250       400       3         3         -1        -1        -1        -1        -1        -1        -1        -1        -30       680       0         
-1        -1        1         400       450       3         3         -1        -1        -1        -1        -1        -1        -1        -1        -45       670       0         
-1        -1        1         -1        250       4         4         -1        -1        -1        -1        -1        -1        -1        -1        0         670       0         
-1        -1        1         250       300       4         4         -1        -1        -1        -1        -1        -1        -1        -1        -10       670       0         
-1        -1        1         300       450       4         4         -1        -1        -1        -1        -1        -1        -1        -1        -50       680       0         
-1        -1        1         -1        350       5         6         -1        -1        -1        -1        -1        -1        -1        -1        -20       670       0         
-1        -1        1         350       450       5         6         -1        -1        -1        -1        -1        -1        -1        -1        -50       670       0         
-1        -1        5         -1        100       2         2         -1        -1        -1        -1        33        44        -1        -1        0         695       0         
-1        -1        5         100       300       2         2         -1        -1        -1        -1        33        44        -1        -1        -20       700       0         
-1        -1        5         300       400       2         2         -1        -1        -1        -1        33        44        -1        -1        -45       700       0         
-1        -1        5         400       500       2         2         -1        -1        -1        -1        33        44        -1        -1        -60       700       0         
-1        -1        5         500       900       2         2         -1        -1        -1        -1        33        44        -1        -1        -70       705       0         
-1        -1        5         -1        150       3         3         -1        -1        -1        -1        33        44        -1        -1        0         690       0         
-1        -1        5         150       300       3         3         -1        -1        -1        -1        33        44        -1        -1        -30       705       0         
-1        -1        5         300       400       3         3         -1        -1        -1        -1        33        44        -1        -1        -40       705       0         
-1        -1        5         400       500       3         3         -1        -1        -1        -1        33        44        -1        -1        -50       705       0         
-1        -1        5         500       750       3         3         -1        -1        -1        -1        33        44        -1        -1        -80       705       0         
-1        -1        5         750       900       3         3         -1        -1        -1        -1        33        44        -1        -1        -105      695       0         
-1        -1        5         -1        300       4         5         -1        -1        -1        -1        33        44        -1        -1        0         690       0         
-1        -1        5         300       500       4         5         -1        -1        -1        -1        33        44        -1        -1        -40       700       0         
-1        -1        5         500       750       4         5         -1        -1        -1        -1        33        44        -1        -1        -80       700       0         
-1        -1        5         750       900       4         5         -1        -1        -1        -1        33        44        -1        -1        -115      700       0         
-1        -1        5         -1        450       6         6         -1        -1        -1        -1        33        44        -1        -1        -30       705       0         
-1        -1        5         450       550       6         6         -1        -1        -1        -1        33        44        -1        -1        -40       715       0         
-1        -1        5         550       750       6         6         -1        -1        -1        -1        33        44        -1        -1        -40       695       0         
-1        -1        5         750       900       6         6         -1        -1        -1        -1        33        44        -1        -1        -80       695       0         
-1        -1        2         -1        -1        1         1         -1        -1        -1        -1        -1        210       -1        -1        0         720       0         
-1        -1        2         -1        200       2         2         -1        -1        -1        -1        40        60        -1        -1        -40       720       0         
-1        -1        2         200       300       2         2         -1        -1        -1        -1        40        60        -1        -1        -70       720       0         
-1        -1        2         300       400       2         2         -1        -1        -1        -1        40        60        -1        -1        -80       720       0         
-1        -1        2         400       450       2         2         -1        -1        -1        -1        40        60        -1        -1        -80       720       0         
-1        -1        2         450       500       2         2         -1        -1        -1        -1        40        60        -1        -1        -90       705       0         
-1        -1        2         500       600       2         2         -1        -1        -1        -1        40        60        -1        -1        -90       705       0         
-1        -1        2         -1        600       2         2         -1        -1        -1        -1        80        110       -1        -1        -60       710       0         
-1        -1        2         -1        600       2         2         -1        -1        -1        -1        130       160       -1        -1        -40       710       0         
-1        -1        2         -1        600       2         2         -1        -1        -1        -1        180       210       -1        -1        -40       710       0         
-1        -1        2         -1        350       3         3         -1        -1        -1        -1        40        60        -1        -1        -60       710       0         
-1        -1        2         350       400       3         3         -1        -1        -1        -1        40        60        -1        -1        -80       720       0         
-1        -1        2         400       500       3         3         -1        -1        -1        -1        40        60        -1        -1        -80       710       0         
-1        -1        2         500       600       3         3         -1        -1        -1        -1        40        60        -1        -1        -90       710       0         
-1        -1        2         -1        600       3         3         -1        -1        -1        -1        80        110       -1        -1        -70       715       0         
-1        -1        2         -1        600       3         3         -1        -1        -1        -1        130       160       -1        -1        -50       700       0         
-1        -1        2         -1        360       4         4         -1        -1        -1        -1        40        60        -1        -1        -40       705       0         
-1        -1        2         360       600       4         4         -1        -1        -1        -1        40        60        -1        -1        -80       725       0         
-1        -1        2         -1        600       4         4         -1        -1        -1        -1        80        110       -1        -1        -60       700       0         
-1        -1        2         -1        400       5         5         -1        -1        -1        -1        40        60        -1        -1        -40       710       0         
-1        -1        2         400       600       5         5         -1        -1        -1        -1        40        60        -1        -1        -60       715       0         
-1        -1        2         -1        600       5         5         -1        -1        -1        -1        80        110       -1        -1        -40       700       0         
-1        -1        2         -1        600       6         6         -1        -1        -1        -1        40        60        -1        -1        -80       720       0         
-1        -1        2         -1        400       6         6         -1        -1        -1        -1        40        60        -1        -1        -10       700       0         
21580     21650     9         -1        70        2         2         1         1         -1        -1        45        55        -1        -1        -30       710       0         
21540     21650     9         70        110       2         2         1         1         -1        -1        45        55        -1        -1        -30       700       0         
21100     21170     9         -1        70        2         2         1         1         -1        -1        45        55        -1        -1        -30       710       0         
21100     21210     9         70        110       2         2         1         1         -1        -1        45        55        -1        -1        -30       700       0         
21540     21650     9         -1        110       2         2         1         1         -1        -1        80        110       -1        -1        -30       700       0         
21100     21210     9         -1        110       2         2         1         1         -1        -1        80        110       -1        -1        -30       700       0         
21100     21220     9         -1        120       3         3         1         1         -1        -1        40        55        -1        -1        -35       695       0         
21530     21650     9         -1        120       3         3         1         1         -1        -1        40        55        -1        -1        -35       695       0         
-1        -1        9         -1        70        2         2         1         1         -1        -1        45        55        -1        -1        0         710       0         
-1        -1        9         -1        100       2         2         1         1         -1        -1        45        55        -1        -1        -5        690       0         
-1        -1        9         -1        750       2         2         1         1         -1        -1        45        55        -1        -1        -60       690       0         
-1        -1        9         -1        900       2         2         1         1         -1        -1        45        55        -1        -1        -65       690       0         
-1        -1        9         -1        150       2         2         1         1         -1        -1        80        110       -1        -1        0         695       0         
-1        -1        9         -1        200       2         2         1         1         -1        -1        80        110       -1        -1        0         690       0         
-1        -1        9         -1        750       2         2         1         1         -1        -1        80        110       -1        -1        -50       685       0         
-1        -1        9         -1        900       2         2         1         1         -1        -1        80        110       -1        -1        -60       685       0         
-1        -1        9         -1        250       2         2         1         1         -1        -1        130       160       -1        -1        -20       700       0         
-1        -1        9         -1        300       2         2         1         1         -1        -1        130       160       -1        -1        -30       685       0         
-1        -1        9         -1        900       2         2         1         1         -1        -1        130       160       -1        -1        -65       680       0         
-1        -1        9         -1        300       2         2         1         1         -1        -1        180       210       -1        -1        0         700       0         
-1        -1        9         -1        400       2         2         1         1         -1        -1        180       210       -1        -1        -30       685       0         
-1        -1        9         -1        500       2         2         1         1         -1        -1        180       210       -1        -1        -50       680       0         
-1        -1        9         -1        900       2         2         1         1         -1        -1        180       210       -1        -1        -65       680       0         
-1        -1        9         -1        200       3         3         1         1         -1        -1        40        55        -1        -1        -15       680       0         
-1        -1        9         -1        400       3         3         1         1         -1        -1        40        55        -1        -1        -55       680       0         
-1        -1        9         -1        500       3         3         1         1         -1        -1        40        55        -1        -1        -65       680       0         
-1        -1        9         -1        600       3         3         1         1         -1        -1        40        55        -1        -1        -70       685       0         
-1        -1        9         -1        750       3         3         1         1         -1        -1        40        55        -1        -1        -85       685       0         
-1        -1        9         -1        900       3         3         1         1         -1        -1        40        55        -1        -1        -120      690       0         
-1        -1        9         -1        220       3         3         1         1         -1        -1        80        110       -1        -1        0         695       0         
-1        -1        9         -1        250       3         3         1         1         -1        -1        80        110       -1        -1        0         690       0         
-1        -1        9         -1        400       3         3         1         1         -1        -1        80        110       -1        -1        -25       685       0         
-1        -1        9         -1        500       3         3         1         1         -1        -1        80        110       -1        -1        -50       685       0         
-1        -1        9         -1        600       3         3         1         1         -1        -1        80        110       -1        -1        -60       685       0         
-1        -1        9         -1        750       3         3         1         1         -1        -1        80        110       -1        -1        -70       685       0         
-1        -1        9         -1        900       3         3         1         1         -1        -1        80        110       -1        -1        -100      690       0         
-1        -1        9         -1        320       3         3         1         1         -1        -1        130       160       -1        -1        0         695       0         
-1        -1        9         -1        400       3         3         1         1         -1        -1        130       160       -1        -1        0         690       0         
-1        -1        9         -1        500       3         3         1         1         -1        -1        130       160       -1        -1        -30       690       0         
-1        -1        9         -1        600       3         3         1         1         -1        -1        130       160       -1        -1        -40       690       0         
-1        -1        9         -1        750       3         3         1         1         -1        -1        130       160       -1        -1        -55       690       0         
-1        -1        9         -1        900       3         3         1         1         -1        -1        130       160       -1        -1        -80       690       0         
-1        -1        9         -1        450       3         3         1         1         -1        -1        180       210       -1        -1        0         710       0         
-1        -1        9         -1        500       3         3         1         1         -1        -1        180       210       -1        -1        -10       700       0         
-1        -1        9         -1        600       3         3         1         1         -1        -1        180       210       -1        -1        -20       695       0         
-1        -1        9         -1        750       3         3         1         1         -1        -1        180       210       -1        -1        -30       690       0         
-1        -1        9         -1        900       3         3         1         1         -1        -1        180       210       -1        -1        -50       690       0         
-1        -1        9         -1        170       4         4         1         1         -1        -1        45        55        -1        -1        0         695       0         
-1        -1        9         -1        200       4         4         1         1         -1        -1        45        55        -1        -1        0         690       0         
-1        -1        9         -1        350       4         4         1         1         -1        -1        45        55        -1        -1        -35       690       0         
-1        -1        9         -1        400       4         4         1         1         -1        -1        45        55        -1        -1        -45       690       0         
-1        -1        9         -1        500       4         4         1         1         -1        -1        45        55        -1        -1        -60       690       0         
-1        -1        9         -1        600       4         4         1         1         -1        -1        45        55        -1        -1        -75       690       0         
-1        -1        9         -1        750       4         4         1         1         -1        -1        45        55        -1        -1        -90       695       0         
-1        -1        9         -1        900       4         4         1         1         -1        -1        45        55        -1        -1        -120      695       0         
-1        -1        9         -1        400       4         4         1         1         -1        -1        80        110       -1        -1        0         695       0         
-1        -1        9         -1        500       4         4         1         1         -1        -1        80        110       -1        -1        -20       690       0         
-1        -1        9         -1        600       4         4         1         1         -1        -1        80        110       -1        -1        -35       690       0         
-1        -1        9         -1        750       4         4         1         1         -1        -1        80        110       -1        -1        -50       690       0         
-1        -1        9         -1        900       4         4         1         1         -1        -1        80        110       -1        -1        -85       695       0         
-1        -1        9         -1        500       4         4         1         1         -1        -1        130       160       -1        -1        -10       710       0         
-1        -1        9         -1        600       4         4         1         1         -1        -1        130       160       -1        -1        -15       700       0         
-1        -1        9         -1        750       4         4         1         1         -1        -1        130       160       -1        -1        -25       695       0         
-1        -1        9         -1        900       4         4         1         1         -1        -1        130       160       -1        -1        -30       700       0         
-1        -1        9         -1        750       4         4         1         1         -1        -1        180       210       -1        -1        -10       680       0         
-1        -1        9         -1        900       4         4         1         1         -1        -1        180       210       -1        -1        -30       695       0         
-1        -1        9         -1        250       5         5         1         1         -1        -1        45        55        -1        -1        0         690       0         
-1        -1        9         -1        350       5         5         1         1         -1        -1        45        55        -1        -1        0         690       0         
-1        -1        9         -1        400       5         5         1         1         -1        -1        45        55        -1        -1        -20       690       0         
-1        -1        9         -1        500       5         5         1         1         -1        -1        45        55        -1        -1        -50       695       0         
-1        -1        9         -1        600       5         5         1         1         -1        -1        45        55        -1        -1        -60       690       0         
-1        -1        9         -1        750       5         5         1         1         -1        -1        45        55        -1        -1        -80       690       0         
-1        -1        9         -1        900       5         5         1         1         -1        -1        45        55        -1        -1        -100      700       0         
-1        -1        9         -1        500       5         5         1         1         -1        -1        80        110       -1        -1        0         700       0         
-1        -1        9         -1        600       5         5         1         1         -1        -1        80        110       -1        -1        -20       690       0         
-1        -1        9         -1        750       5         5         1         1         -1        -1        80        110       -1        -1        -25       695       0         
-1        -1        9         -1        900       5         5         1         1         -1        -1        80        110       -1        -1        -55       695       0         
-1        -1        9         -1        750       5         5         1         1         -1        -1        130       160       -1        -1        0         695       0         
-1        -1        9         -1        900       5         5         1         1         -1        -1        130       160       -1        -1        -25       695       0         
-1        -1        9         750       900       5         5         1         1         -1        -1        180       210       -1        -1        0         675       0         
-1        -1        9         -1        300       6         6         1         1         -1        -1        45        55        -1        -1        0         700       0         
-1        -1        9         -1        400       6         6         1         1         -1        -1        45        55        -1        -1        -5        700       0         
-1        -1        9         -1        500       6         6         1         1         -1        -1        45        55        -1        -1        -25       700       0         
-1        -1        9         -1        600       6         6         1         1         -1        -1        45        55        -1        -1        -55       695       0         
-1        -1        9         -1        750       6         6         1         1         -1        -1        45        55        -1        -1        -75       700       0         
-1        -1        9         -1        900       6         6         1         1         -1        -1        45        55        -1        -1        -90       705       0         
-1        -1        9         -1        600       6         6         1         1         -1        -1        80        110       -1        -1        -10       695       0         
-1        -1        9         -1        750       6         6         1         1         -1        -1        80        110       -1        -1        -20       690       0         
-1        -1        9         -1        900       6         6         1         1         -1        -1        80        110       -1        -1        -35       690       0         
-1        -1        9         -1        900       6         6         1         1         -1        -1        130       160       -1        -1        0         670       0         
-1        -1        9         -1        70        3         3         2         2         -1        -1        45        55        -1        -1        0         705       0         
-1        -1        9         -1        100       3         3         2         2         -1        -1        45        55        -1        -1        -10       695       0         
-1        -1        9         -1        400       3         3         2         2         -1        -1        45        55        -1        -1        -40       690       0         
-1        -1        9         -1        700       3         3         2         2         -1        -1        45        55        -1        -1        -50       690       0         
-1        -1        9         -1        900       3         3         2         2         -1        -1        45        55        -1        -1        -60       690       0         
-1        -1        9         -1        200       3         3         2         2         -1        -1        80        110       -1        -1        -30       705       0         
-1        -1        9         -1        270       3         3         2         2         -1        -1        80        110       -1        -1        -40       695       0         
-1        -1        9         -1        400       3         3         2         2         -1        -1        80        110       -1        -1        -45       690       0         
-1        -1        9         -1        500       3         3         2         2         -1        -1        80        110       -1        -1        -50       690       0         
-1        -1        9         -1        600       3         3         2         2         -1        -1        80        110       -1        -1        -60       690       0         
-1        -1        9         -1        750       3         3         2         2         -1        -1        80        110       -1        -1        -70       690       0         
-1        -1        9         -1        900       3         3         2         2         -1        -1        80        110       -1        -1        -90       690       0         
-1        -1        9         -1        170       3         3         2         2         -1        -1        130       160       -1        -1        -10       700       0         
-1        -1        9         -1        500       3         3         2         2         -1        -1        130       160       -1        -1        -50       680       0         
-1        -1        9         -1        750       3         3         2         2         -1        -1        130       160       -1        -1        -60       685       0         
-1        -1        9         -1        900       3         3         2         2         -1        -1        130       160       -1        -1        -70       690       0         
-1        -1        9         -1        220       3         3         2         2         -1        -1        180       210       -1        -1        0         700       0         
-1        -1        9         -1        400       3         3         2         2         -1        -1        180       210       -1        -1        -30       695       0         
-1        -1        9         -1        500       3         3         2         2         -1        -1        180       210       -1        -1        -35       690       0         
-1        -1        9         -1        750       3         3         2         2         -1        -1        180       210       -1        -1        -50       690       0         
-1        -1        9         -1        900       3         3         2         2         -1        -1        180       210       -1        -1        -60       690       0         
-1        -1        9         -1        150       4         4         2         2         -1        -1        40        55        -1        -1        0         700       0         
-1        -1        9         -1        200       4         4         2         2         -1        -1        40        55        -1        -1        -30       700       0         
-1        -1        9         -1        250       4         4         2         2         -1        -1        40        55        -1        -1        -40       700       0         
-1        -1        9         -1        300       4         4         2         2         -1        -1        40        55        -1        -1        -50       700       0         
-1        -1        9         -1        350       4         4         2         2         -1        -1        40        55        -1        -1        -60       700       0         
-1        -1        9         -1        750       4         4         2         2         -1        -1        40        55        -1        -1        -90       705       0         
-1        -1        9         -1        900       4         4         2         2         -1        -1        40        55        -1        -1        -120      705       0         
-1        -1        9         -1        210       4         4         2         2         -1        -1        80        110       -1        -1        0         720       0         
-1        -1        9         -1        230       4         4         2         2         -1        -1        80        110       -1        -1        0         710       0         
-1        -1        9         -1        400       4         4         2         2         -1        -1        80        110       -1        -1        -10       700       0         
-1        -1        9         -1        500       4         4         2         2         -1        -1        80        110       -1        -1        -50       700       0         
-1        -1        9         -1        600       4         4         2         2         -1        -1        80        110       -1        -1        -70       705       0         
-1        -1        9         -1        750       4         4         2         2         -1        -1        80        110       -1        -1        -85       700       0         
-1        -1        9         -1        900       4         4         2         2         -1        -1        80        110       -1        -1        -90       700       0         
-1        -1        9         -1        310       4         4         2         2         -1        -1        130       160       -1        -1        0         710       0         
-1        -1        9         -1        500       4         4         2         2         -1        -1        130       160       -1        -1        -20       695       0         
-1        -1        9         -1        600       4         4         2         2         -1        -1        130       160       -1        -1        -40       695       0         
-1        -1        9         -1        750       4         4         2         2         -1        -1        130       160       -1        -1        -50       695       0         
-1        -1        9         -1        900       4         4         2         2         -1        -1        130       160       -1        -1        -70       695       0         
-1        -1        9         -1        450       4         4         2         2         -1        -1        180       210       -1        -1        0         710       0         
-1        -1        9         -1        750       4         4         2         2         -1        -1        180       210       -1        -1        -25       700       0         
-1        -1        9         -1        900       4         4         2         2         -1        -1        180       210       -1        -1        -40       700       0         
-1        -1        9         -1        200       5         5         2         2         -1        -1        40        55        -1        -1        -20       710       0         
-1        -1        9         -1        250       5         5         2         2         -1        -1        40        55        -1        -1        -30       700       0         
-1        -1        9         -1        400       5         5         2         2         -1        -1        40        55        -1        -1        -45       700       0         
-1        -1        9         -1        500       5         5         2         2         -1        -1        40        55        -1        -1        -50       700       0         
-1        -1        9         -1        600       5         5         2         2         -1        -1        40        55        -1        -1        -70       705       0         
-1        -1        9         -1        750       5         5         2         2         -1        -1        40        55        -1        -1        -90       705       0         
-1        -1        9         -1        900       5         5         2         2         -1        -1        40        55        -1        -1        -110      705       0         
-1        -1        9         -1        350       5         5         2         2         -1        -1        80        110       -1        -1        0         720       0         
-1        -1        9         -1        500       5         5         2         2         -1        -1        80        110       -1        -1        -15       705       0         
-1        -1        9         -1        600       5         5         2         2         -1        -1        80        110       -1        -1        -40       700       0         
-1        -1        9         -1        750       5         5         2         2         -1        -1        80        110       -1        -1        -60       700       0         
-1        -1        9         -1        900       5         5         2         2         -1        -1        80        110       -1        -1        -70       700       0         
-1        -1        9         -1        500       5         5         2         2         -1        -1        130       160       -1        -1        0         720       0         
-1        -1        9         -1        600       5         5         2         2         -1        -1        130       160       -1        -1        -20       700       0         
-1        -1        9         -1        750       5         5         2         2         -1        -1        130       160       -1        -1        -30       705       0         
-1        -1        9         -1        900       5         5         2         2         -1        -1        130       160       -1        -1        -50       700       0         
-1        -1        9         -1        750       5         5         2         2         -1        -1        180       210       -1        -1        -20       710       0         
-1        -1        9         -1        900       5         5         2         2         -1        -1        180       210       -1        -1        -30       710       0         
-1        -1        9         -1        250       6         6         2         2         -1        -1        40        55        -1        -1        0         705       0         
-1        -1        9         -1        400       6         6         2         2         -1        -1        40        55        -1        -1        -40       705       0         
-1        -1        9         -1        500       6         6         2         2         -1        -1        40        55        -1        -1        -50       705       0         
-1        -1        9         -1        600       6         6         2         2         -1        -1        40        55        -1        -1        -60       705       0         
-1        -1        9         -1        750       6         6         2         2         -1        -1        40        55        -1        -1        -70       705       0         
-1        -1        9         -1        900       6         6         2         2         -1        -1        40        55        -1        -1        -90       705       0         
-1        -1        9         -1        450       6         6         2         2         -1        -1        80        110       -1        -1        0         720       0         
-1        -1        9         -1        500       6         6         2         2         -1        -1        80        110       -1        -1        0         710       0         
-1        -1        9         -1        600       6         6         2         2         -1        -1        80        110       -1        -1        -20       705       0         
-1        -1        9         -1        750       6         6         2         2         -1        -1        80        110       -1        -1        -40       710       0         
-1        -1        9         -1        900       6         6         2         2         -1        -1        80        110       -1        -1        -50       710       0         
-1        -1        9         -1        750       6         6         2         2         -1        -1        130       160       -1        -1        -25       695       0         
-1        -1        9         -1        900       6         6         2         2         -1        -1        130       160       -1        -1        -35       695       0         
-1        -1        9         -1        900       6         6         2         2         -1        -1        180       210       -1        -1        0         685       0         
-1        -1        9         -1        100       2         2         1         1         -1        -1        33        44        -1        -1        0         690       0         
-1        -1        9         -1        300       2         2         1         1         -1        -1        33        44        -1        -1        -30       690       0         
-1        -1        9         -1        900       2         2         1         1         -1        -1        33        44        -1        -1        -65       690       0         
-1        -1        9         -1        300       3         3         1         1         -1        -1        33        44        -1        -1        0         680       0         
-1        -1        9         -1        500       3         3         1         1         -1        -1        33        44        -1        -1        -55       680       0         
-1        -1        9         -1        750       3         3         1         1         -1        -1        33        44        -1        -1        -100      680       0         
-1        -1        9         -1        900       3         3         1         1         -1        -1        33        44        -1        -1        -100      670       0         
-1        -1        9         -1        300       4         4         1         1         -1        -1        33        44        -1        -1        0         670       0         
-1        -1        9         -1        500       4         4         1         1         -1        -1        33        44        -1        -1        -60       670       0         
-1        -1        9         -1        750       4         4         1         1         -1        -1        33        44        -1        -1        -80       670       0         
-1        -1        9         -1        900       4         4         1         1         -1        -1        33        44        -1        -1        -100      670       0         
-1        -1        9         -1        400       5         5         1         1         -1        -1        33        44        -1        -1        -30       680       0         
-1        -1        9         -1        600       5         5         1         1         -1        -1        33        44        -1        -1        -50       680       0         
-1        -1        9         -1        750       5         5         1         1         -1        -1        33        44        -1        -1        -80       680       0         
-1        -1        9         -1        900       5         5         1         1         -1        -1        33        44        -1        -1        -90       680       0         
-1        -1        9         -1        400       6         6         1         1         -1        -1        33        44        -1        -1        -20       670       0         
-1        -1        9         -1        600       6         6         1         1         -1        -1        33        44        -1        -1        -60       680       0         
-1        -1        9         -1        750       6         6         1         1         -1        -1        33        44        -1        -1        -70       680       0         
-1        -1        9         -1        900       6         6         1         1         -1        -1        33        44        -1        -1        -80       680       0         
-1        -1        9         -1        300       3         3         2         2         -1        -1        33        44        -1        -1        -40       695       0         
-1        -1        9         -1        600       3         3         2         2         -1        -1        33        44        -1        -1        -70       695       0         
-1        -1        9         -1        900       3         3         2         2         -1        -1        33        44        -1        -1        -100      695       0         
-1        -1        9         -1        300       4         4         2         2         -1        -1        33        44        -1        -1        -15       680       0         
-1        -1        9         -1        600       4         4         2         2         -1        -1        33        44        -1        -1        -50       680       0         
-1        -1        9         -1        750       4         4         2         2         -1        -1        33        44        -1        -1        -90       680       0         
-1        -1        9         -1        900       4         4         2         2         -1        -1        33        44        -1        -1        -110      680       0         
-1        -1        9         -1        450       5         5         2         2         -1        -1        33        44        -1        -1        -40       670       0         
-1        -1        9         -1        600       5         5         2         2         -1        -1        33        44        -1        -1        -60       670       0         
-1        -1        9         -1        750       5         5         2         2         -1        -1        33        44        -1        -1        -90       670       0         
-1        -1        9         -1        900       5         5         2         2         -1        -1        33        44        -1        -1        -110      670       0         
-1        -1        9         750       900       6         6         2         2         -1        -1        33        44        -1        -1        -100      670       0         
-1        -1        0         -1        -1        -1        -1        -1        -1        -1        -1        -1        -1        -1        -1        0         720       0         
