-1        -1       2         -1        200        2         2         -1        -1        -1        -1        40        60        -1        -1        -30       720       0         
-1        -1       2         -1        700        2         2         -1        -1        -1        -1        40        60        -1        -1        -30       700       0         
-1        -1       2         -1        -1        2         2         -1        -1        -1        -1        90        110       -1        -1        -20       720       0         
-1        -1       2         -1        -1        2         2         -1        -1        -1        -1        90        110       -1        -1        -20       720       0         
-1        -1       2         -1        -1        2         2         -1        -1        -1        -1        40        110       -1        -1        -20       720       0         
-1        -1       2         -1        -1        2         2         -1        -1        -1        -1        40        110       -1        -1        -20       720       0         
-1        -1       1         -1        -1        1         1         -1        -1        -1        -1        -1        -1        -1        -1        0         700       0         
-1        -1       1         -1        150       2         2         -1        -1        -1        -1        -1        -1        -1        -1        0         700       0         
-1        -1       1         -1        600       2         2         -1        -1        -1        -1        -1        -1        -1        -1        -30       700       0         
-1        -1       1         -1        250       3         3         -1        -1        -1        -1        -1        -1        -1        -1        -30       700       0         
-1        -1       1         -1        400       3         3         -1        -1        -1        -1        -1        -1        -1        -1        -30       700       0         
-1        -1       1         -1        600       3         3         -1        -1        -1        -1        -1        -1        -1        -1        -40       700       0         
-1        -1       1         -1        250       4         4         -1        -1        -1        -1        -1        -1        -1        -1        0         700       0         
-1        -1       1         -1        300       4         4         -1        -1        -1        -1        -1        -1        -1        -1        -10       700       0         
-1        -1       1         -1        600       4         4         -1        -1        -1        -1        -1        -1        -1        -1        -50       700       0         
-1        -1       1         -1        350       5         6         -1        -1        -1        -1        -1        -1        -1        -1        -20       700       0         
-1        -1       1         -1        600       5         6         -1        -1        -1        -1        -1        -1        -1        -1        -40       700       0         
-1        -1       5         -1        100       2         2         -1        -1        -1        -1        33        44        -1        -1        0         695       0         
-1        -1       5         -1        300       2         2         -1        -1        -1        -1        33        44        -1        -1        -20       700       0         
-1        -1       5         -1        700       2         2         -1        -1        -1        -1        33        44        -1        -1        -45       700       0   
-1        -1       5         -1        150       3         3         -1        -1        -1        -1        33        44        -1        -1        0         700       0         
-1        -1       5         -1        300       3         3         -1        -1        -1        -1        33        44        -1        -1        -30       705       0         
-1        -1       5         -1        600       3         3         -1        -1        -1        -1        33        44        -1        -1        -40       705       0         
-1        -1       5         -1        300       4         5         -1        -1        -1        -1        33        44        -1        -1        0         700       0         
-1        -1       5         -1        700       4         5         -1        -1        -1        -1        33        44        -1        -1        -40       700       0      
-1        -1       2         -1        -1        1         1         -1        -1        -1        -1        -1        210       -1        -1        0         720       0         
-1        -1       2         -1        200       2         2         -1        -1        -1        -1        40        60        -1        -1        -30       720       0         
-1        -1       2         -1        300       2         2         -1        -1        -1        -1        40        60        -1        -1        -30       720       0         
-1        -1       2         -1        400       2         2         -1        -1        -1        -1        40        60        -1        -1        -30       720       0         
-1        -1       2         -1        450       2         2         -1        -1        -1        -1        40        60        -1        -1        -30       720       0         
-1        -1       2         -1        500       2         2         -1        -1        -1        -1        40        60        -1        -1        -30       705       0         
-1        -1       2         -1        600       2         2         -1        -1        -1        -1        40        60        -1        -1        -40       705       0         
-1        -1       2         -1        600       2         2         -1        -1        -1        -1        80        110       -1        -1        -30       710       0         
-1        -1       2         -1        600       2         2         -1        -1        -1        -1        130       160       -1        -1        -40       710       0         
-1        -1       2         -1        600       2         2         -1        -1        -1        -1        180       210       -1        -1        -40       710       0         
-1        -1       2         -1        600       3         3         -1        -1        -1        -1        40        60        -1        -1        -40       710       0         
-1        -1       2         -1        600       3         3         -1        -1        -1        -1        80        110       -1        -1        -40       715       0         
-1        -1       2         -1        600       3         3         -1        -1        -1        -1        130       160       -1        -1        -40       700       0         
-1        -1       2         -1        600       4         4         -1        -1        -1        -1        40        60        -1        -1        -40       705       0         
-1        -1       2         -1        600       4         4         -1        -1        -1        -1        80        110       -1        -1        -40       700       0         
-1        -1       2         -1        600       5         5         -1        -1        -1        -1        40        60        -1        -1        -40       710       0        
-1        -1       2         -1        600       5         5         -1        -1        -1        -1        80        110       -1        -1        -40       700       0    
-1        -1       2         -1        600       6         6         -1        -1        -1        -1        40        60        -1        -1        -40       720       0     
-1        -1       2         250        500       1         1         -1        -1        -1        -1        -1        -1        -1        -1        -10       710       0     
-1        -1       2         -1        -1        -1        -1        -1        -1        -1        -1        -1        -1        -1        -1        -30       720       0     
-1        -1       9         -1        70        2         2         -1       -1         -1        -1        45        55        -1        -1        0         710       0         
-1        -1       9         -1        700       2         2         -1       -1         -1        -1        45        55        -1        -1        -30       700       0         
-1        -1       9         -1        110       2         2         -1       -1         -1        -1        80        110       -1        -1        -30       700       0         
-1        -1       9         -1        110       2         2         -1       -1         -1        -1        80        110       -1        -1        -30       700       0         
-1        -1       9         -1        120       3         3         -1       -1         -1        -1        40        55        -1        -1        -35       695       0         
-1        -1       9         -1        120       3         3         -1       -1         -1        -1        40        55        -1        -1        -35       695       0         
-1        -1       9         -1        150       2         2         -1       -1         -1        -1        80        110       -1        -1        0         695       0         
-1        -1       9         -1        700       2         2         -1       -1         -1        -1        80        110       -1        -1        -20       700       0         
-1        -1       9         -1        250       2         2         -1       -1         -1        -1        130       160       -1        -1        -20       700       0         
-1        -1       9         -1        700       2         2         -1       -1         -1        -1        130       160       -1        -1        -30       700       0         
-1        -1       9         -1        300       2         2         -1       -1         -1        -1        180       210       -1        -1        0         700       0         
-1        -1       9         -1        700       2         2         -1       -1         -1        -1        180       210       -1        -1        -30       700       0         
-1        -1       9         -1        200       3         3         -1       -1         -1        -1        40        55        -1        -1        -15       700       0         
-1        -1       9         -1        700       3         3         -1       -1         -1        -1        40        55        -1        -1        -30       700       0         
-1        -1       9         -1        250       3         3         -1       -1         -1        -1        80        110       -1        -1        0         695       0         
-1        -1       9         -1        700       3         3         -1       -1         -1        -1        80        110       -1        -1        -30       700       0         
-1        -1       9         -1        320       3         3         -1       -1         -1        -1        130       160       -1        -1        0         695       0         
-1        -1       9         -1        700       3         3         -1       -1         -1        -1        130       160       -1        -1        -30       700       0         
-1        -1       9         -1        450       3         3         -1       -1         -1        -1        180       210       -1        -1        0         710       0         
-1        -1       9         -1        700       3         3         -1       -1         -1        -1        180       210       -1        -1        -10       700       0         
-1        -1       9         -1        170       4         4         -1       -1         -1        -1        45        55        -1        -1        0         695       0         
-1        -1       9         -1        200       4         4         -1       -1         -1        -1        45        55        -1        -1        0         700       0         
-1        -1       9         -1        350       4         4         -1       -1         -1        -1        45        55        -1        -1        -30       700       0         
-1        -1       9         -1        700       4         4         -1       -1         -1        -1        45        55        -1        -1        -40       700       0         
-1        -1       9         -1        400       4         4         -1       -1         -1        -1        80        110       -1        -1        0         695       0         
-1        -1       9         -1        700       4         4         -1       -1         -1        -1        80        110       -1        -1        -20       700       0         
-1        -1       9         -1        600       4         4         -1       -1         -1        -1        130       160       -1        -1        -15       700       0         
-1        -1       9         -1        750       4         4         -1       -1         -1        -1        130       160       -1        -1        -25       695       0         
-1        -1       9         -1        750       4         4         -1       -1         -1        -1        180       210       -1        -1        -10       700       0         
-1        -1       9         -1        250       5         5         -1       -1         -1        -1        45        55        -1        -1        0         700       0         
-1        -1       9         -1        350       5         5         -1       -1         -1        -1        45        55        -1        -1        0         710       0         
-1        -1       9         -1        700       5         5         -1       -1         -1        -1        45        55        -1        -1        -30       700       0         
-1        -1       9         -1        500       5         5         -1       -1         -1        -1        80        110       -1        -1        0         700       0         
-1        -1       9         -1        700       5         5         -1       -1         -1        -1        80        110       -1        -1        -20       700       0         
-1        -1       9         -1        750       5         5         -1       -1         -1        -1        130       160       -1        -1        0         695       0         
-1        -1       9         -1        900       5         5         -1       -1         -1        -1        180       210       -1        -1        0         700       0         
-1        -1       9         -1        300       6         6         -1       -1         -1        -1        45        55        -1        -1        0         700       0         
-1        -1       9         -1        400       6         6         -1       -1         -1        -1        45        55        -1        -1        -5        700       0         
-1        -1       9         -1        700       6         6         -1       -1         -1        -1        45        55        -1        -1        -25       700       0         
-1        -1       9         -1        700       6         6         -1       -1         -1        -1        80        110       -1        -1        -10       695       0         
-1        -1       9         -1        900       6         6         -1       -1         -1        -1        130       160       -1        -1        0         700       0         
-1        -1       9         -1        100       2         2         -1       -1         -1        -1        33        44        -1        -1        0         700       0         
-1        -1       9         -1        700       2         2         -1       -1         -1        -1        33        44        -1        -1        -30       700       0         
-1        -1       9         -1        300       3         3         -1       -1         -1        -1        33        44        -1        -1        0         700       0         
-1        -1       9         -1        700       3         3         -1       -1         -1        -1        33        44        -1        -1        -40       700       0         
-1        -1       9         -1        300       4         4         -1       -1         -1        -1        33        44        -1        -1        0         700       0         
-1        -1       9         -1        700       4         4         -1       -1         -1        -1        33        44        -1        -1        -40       700       0         
-1        -1       9         -1        700       5         5         -1       -1         -1        -1        33        44        -1        -1        -30       700       0         
-1        -1       9         -1        400       6         6         -1       -1         -1        -1        33        44        -1        -1        -20       700       0         
-1        -1       9         -1        600       6         6         -1       -1         -1        -1        33        44        -1        -1        -30       700       0         
-1        -1       9         -1        -1       -1        -1         -1       -1         -1        -1        -1        -1        -1        -1        -30       700       0 
-1        -1       8         -1        -1        1        1          -1        -1        -1        -1        -1        -1        -1        -1        0         720       0         
-1        -1       0         -1        -1       -1        -1         -1        -1        -1        -1        -1        -1        -1        -1        0         720       0         
